  +0.0000000000e+00    +1.22334e+01
  +8.0000000000e-03    +1.24676e+01
  +1.6000000000e-02    +1.30644e+01
  +2.4000000000e-02    +1.38932e+01
  +3.2000000000e-02    +1.36303e+01
  +4.0000000000e-02    +1.39612e+01
  +4.8000000000e-02    +1.47087e+01
  +5.6000000000e-02    +1.44765e+01
  +6.4000000000e-02    +1.51543e+01
  +7.2000000000e-02    +1.46108e+01
  +8.0000000000e-02    +1.58450e+01
  +8.8000000000e-02    +1.49257e+01
  +9.6000000000e-02    +1.53816e+01
  +1.0400000000e-01    +1.49972e+01
  +1.1200000000e-01    +1.53394e+01
  +1.2000000000e-01    +1.43179e+01
  +1.2800000000e-01    +1.40712e+01
  +1.3600000000e-01    +1.47935e+01
  +1.4400000000e-01    +1.35340e+01
  +1.5200000000e-01    +1.33705e+01
  +1.6000000000e-01    +1.31985e+01
  +1.6800000000e-01    +1.22205e+01
  +1.7600000000e-01    +1.21602e+01
  +1.8400000000e-01    +1.17287e+01
  +1.9200000000e-01    +1.09383e+01
  +2.0000000000e-01    +1.05967e+01
  +2.0800000000e-01    +9.14580e+00
  +2.1600000000e-01    +8.56704e+00
  +2.2400000000e-01    +7.86217e+00
  +2.3200000000e-01    +7.26207e+00
  +2.4000000000e-01    +5.79833e+00
  +2.4800000000e-01    +5.06146e+00
  +2.5600000000e-01    +4.57979e+00
  +2.6400000000e-01    +3.24808e+00
  +2.7200000000e-01    +2.68774e+00
  +2.8000000000e-01    +1.93086e+00
  +2.8800000000e-01    +8.20499e-01
  +2.9600000000e-01    +6.82832e-01
  +3.0400000000e-01    -3.78693e-01
  +3.1200000000e-01    -1.92840e+00
  +3.2000000000e-01    -2.68011e+00
  +3.2800000000e-01    -3.30760e+00
  +3.3600000000e-01    -4.04843e+00
  +3.4400000000e-01    -4.95373e+00
  +3.5200000000e-01    -5.07642e+00
  +3.6000000000e-01    -6.29579e+00
  +3.6800000000e-01    -7.45912e+00
  +3.7600000000e-01    -7.27144e+00
  +3.8400000000e-01    -8.43097e+00
  +3.9200000000e-01    -9.50829e+00
  +4.0000000000e-01    -1.00038e+01
  +4.0800000000e-01    -9.48150e+00
  +4.1600000000e-01    -1.01024e+01
  +4.2400000000e-01    -1.07898e+01
  +4.3200000000e-01    -1.19332e+01
  +4.4000000000e-01    -1.19660e+01
  +4.4800000000e-01    -1.21013e+01
  +4.5600000000e-01    -1.28092e+01
  +4.6400000000e-01    -1.24325e+01
  +4.7200000000e-01    -1.28188e+01
  +4.8000000000e-01    -1.27836e+01
  +4.8800000000e-01    -1.26650e+01
  +4.9600000000e-01    -1.32537e+01
  +5.0400000000e-01    -1.32121e+01
  +5.1200000000e-01    -1.27965e+01
  +5.2000000000e-01    -1.23457e+01
  +5.2800000000e-01    -1.20436e+01
  +5.3600000000e-01    -1.22512e+01
  +5.4400000000e-01    -1.10378e+01
  +5.5200000000e-01    -1.08035e+01
  +5.6000000000e-01    -1.07922e+01
  +5.6800000000e-01    -9.84019e+00
  +5.7600000000e-01    -9.79631e+00
  +5.8400000000e-01    -9.73024e+00
  +5.9200000000e-01    -8.36718e+00
  +6.0000000000e-01    -8.12566e+00
  +6.0800000000e-01    -7.85223e+00
  +6.1600000000e-01    -6.35557e+00
  +6.2400000000e-01    -6.60888e+00
  +6.3200000000e-01    -5.41210e+00
  +6.4000000000e-01    -4.03615e+00
  +6.4800000000e-01    -3.73485e+00
  +6.5600000000e-01    -3.04210e+00
  +6.6400000000e-01    -2.26676e+00
  +6.7200000000e-01    -1.32352e+00
  +6.8000000000e-01    -2.31698e-01
  +6.8800000000e-01    -2.31621e-01
  +6.9600000000e-01    +5.47627e-01
  +7.0400000000e-01    +1.50289e+00
  +7.1200000000e-01    +2.30356e+00
  +7.2000000000e-01    +3.06802e+00
  +7.2800000000e-01    +4.18216e+00
  +7.3600000000e-01    +4.76861e+00
  +7.4400000000e-01    +5.22149e+00
  +7.5200000000e-01    +6.65752e+00
  +7.6000000000e-01    +6.48041e+00
  +7.6800000000e-01    +7.29716e+00
  +7.7600000000e-01    +8.03574e+00
  +7.8400000000e-01    +8.28490e+00
  +7.9200000000e-01    +9.03463e+00
  +8.0000000000e-01    +9.27299e+00
  +8.0800000000e-01    +9.79727e+00
  +8.1600000000e-01    +1.11455e+01
  +8.2400000000e-01    +1.05988e+01
  +8.3200000000e-01    +1.19771e+01
  +8.4000000000e-01    +1.18074e+01
  +8.4800000000e-01    +1.16845e+01
  +8.5600000000e-01    +1.23024e+01
  +8.6400000000e-01    +1.26061e+01
  +8.7200000000e-01    +1.21520e+01
  +8.8000000000e-01    +1.33046e+01
  +8.8800000000e-01    +1.29399e+01
  +8.9600000000e-01    +1.27023e+01
  +9.0400000000e-01    +1.31237e+01
  +9.1200000000e-01    +1.23078e+01
  +9.2000000000e-01    +1.28285e+01
  +9.2800000000e-01    +1.20545e+01
  +9.3600000000e-01    +1.24611e+01
  +9.4400000000e-01    +1.13420e+01
  +9.5200000000e-01    +1.19203e+01
  +9.6000000000e-01    +1.09413e+01
  +9.6800000000e-01    +1.06019e+01
  +9.7600000000e-01    +1.06878e+01
  +9.8400000000e-01    +9.97865e+00
  +9.9200000000e-01    +8.91911e+00
  +1.0000000000e+00    +8.12329e+00
  +1.0080000000e+00    +7.47096e+00
  +1.0160000000e+00    +7.73643e+00
  +1.0240000000e+00    +6.64572e+00
  +1.0320000000e+00    +5.90972e+00
  +1.0400000000e+00    +5.43857e+00
  +1.0480000000e+00    +5.10807e+00
  +1.0560000000e+00    +4.02343e+00
  +1.0640000000e+00    +3.44415e+00
  +1.0720000000e+00    +2.07441e+00
  +1.0800000000e+00    +1.75412e+00
  +1.0880000000e+00    +6.72032e-01
  +1.0960000000e+00    +2.26477e-01
  +1.1040000000e+00    -4.89805e-01
  +1.1120000000e+00    -1.41464e+00
  +1.1200000000e+00    -2.09188e+00
  +1.1280000000e+00    -2.27083e+00
  +1.1360000000e+00    -2.67647e+00
  +1.1440000000e+00    -4.02222e+00
  +1.1520000000e+00    -4.03191e+00
  +1.1600000000e+00    -4.84320e+00
  +1.1680000000e+00    -5.57248e+00
  +1.1760000000e+00    -5.58633e+00
  +1.1840000000e+00    -6.67500e+00
  +1.1920000000e+00    -7.69460e+00
  +1.2000000000e+00    -7.40306e+00
  +1.2080000000e+00    -7.80718e+00
  +1.2160000000e+00    -8.91597e+00
  +1.2240000000e+00    -9.25976e+00
  +1.2320000000e+00    -8.86455e+00
  +1.2400000000e+00    -9.63620e+00
  +1.2480000000e+00    -1.03961e+01
  +1.2560000000e+00    -9.70046e+00
  +1.2640000000e+00    -1.03409e+01
  +1.2720000000e+00    -1.06153e+01
  +1.2800000000e+00    -1.06340e+01
  +1.2880000000e+00    -1.06187e+01
  +1.2960000000e+00    -1.01005e+01
  +1.3040000000e+00    -1.09464e+01
  +1.3120000000e+00    -1.00454e+01
  +1.3200000000e+00    -9.70470e+00
  +1.3280000000e+00    -1.02457e+01
  +1.3360000000e+00    -9.54279e+00
  +1.3440000000e+00    -9.79904e+00
  +1.3520000000e+00    -9.06224e+00
  +1.3600000000e+00    -9.39312e+00
  +1.3680000000e+00    -7.94515e+00
  +1.3760000000e+00    -7.86759e+00
  +1.3840000000e+00    -7.77729e+00
  +1.3920000000e+00    -7.73195e+00
  +1.4000000000e+00    -6.23670e+00
  +1.4080000000e+00    -5.90765e+00
  +1.4160000000e+00    -5.22203e+00
  +1.4240000000e+00    -4.90643e+00
  +1.4320000000e+00    -5.11331e+00
  +1.4400000000e+00    -3.33157e+00
  +1.4480000000e+00    -3.20794e+00
  +1.4560000000e+00    -2.29052e+00
  +1.4640000000e+00    -2.26708e+00
  +1.4720000000e+00    -8.56887e-01
  +1.4800000000e+00    -1.99689e-01
  +1.4880000000e+00    +4.61946e-01
  +1.4960000000e+00    +1.10050e+00
  +1.5040000000e+00    +1.35039e+00
  +1.5120000000e+00    +2.28030e+00
  +1.5200000000e+00    +2.80157e+00
  +1.5280000000e+00    +3.51211e+00
  +1.5360000000e+00    +3.89045e+00
  +1.5440000000e+00    +4.72599e+00
  +1.5520000000e+00    +4.67547e+00
  +1.5600000000e+00    +5.17860e+00
  +1.5680000000e+00    +6.41952e+00
  +1.5760000000e+00    +6.96433e+00
  +1.5840000000e+00    +7.29307e+00
  +1.5920000000e+00    +7.97966e+00
  +1.6000000000e+00    +8.74960e+00
  +1.6080000000e+00    +9.12543e+00
  +1.6160000000e+00    +9.51843e+00
  +1.6240000000e+00    +9.41872e+00
  +1.6320000000e+00    +1.00916e+01
  +1.6400000000e+00    +9.44421e+00
  +1.6480000000e+00    +9.89818e+00
  +1.6560000000e+00    +9.77190e+00
  +1.6640000000e+00    +1.05122e+01
  +1.6720000000e+00    +1.08457e+01
  +1.6800000000e+00    +1.02414e+01
  +1.6880000000e+00    +1.05757e+01
  +1.6960000000e+00    +1.01778e+01
  +1.7040000000e+00    +1.03628e+01
  +1.7120000000e+00    +1.08538e+01
  +1.7200000000e+00    +1.04505e+01
  +1.7280000000e+00    +1.05702e+01
  +1.7360000000e+00    +1.02025e+01
  +1.7440000000e+00    +1.02221e+01
  +1.7520000000e+00    +8.94171e+00
  +1.7600000000e+00    +8.82163e+00
  +1.7680000000e+00    +8.75262e+00
  +1.7760000000e+00    +8.75350e+00
  +1.7840000000e+00    +8.64875e+00
  +1.7920000000e+00    +7.08713e+00
  +1.8000000000e+00    +6.86350e+00
  +1.8080000000e+00    +6.65829e+00
  +1.8160000000e+00    +6.55613e+00
  +1.8240000000e+00    +5.84016e+00
  +1.8320000000e+00    +5.56965e+00
  +1.8400000000e+00    +4.12041e+00
  +1.8480000000e+00    +4.24159e+00
  +1.8560000000e+00    +3.63413e+00
  +1.8640000000e+00    +2.31031e+00
  +1.8720000000e+00    +2.64417e+00
  +1.8800000000e+00    +2.34506e+00
  +1.8880000000e+00    +6.56545e-01
  +1.8960000000e+00    +3.35574e-01
  +1.9040000000e+00    -5.75835e-01
  +1.9120000000e+00    -4.72125e-01
  +1.9200000000e+00    -1.69876e+00
  +1.9280000000e+00    -1.22973e+00
  +1.9360000000e+00    -3.13047e+00
  +1.9440000000e+00    -3.60667e+00
  +1.9520000000e+00    -3.25728e+00
  +1.9600000000e+00    -3.66918e+00
  +1.9680000000e+00    -4.58022e+00
  +1.9760000000e+00    -4.82415e+00
  +1.9840000000e+00    -5.42399e+00
  +1.9920000000e+00    -5.83363e+00
  +2.0000000000e+00    -6.71993e+00
  +2.0080000000e+00    -6.67846e+00
  +2.0160000000e+00    -7.60555e+00
  +2.0240000000e+00    -7.82566e+00
  +2.0320000000e+00    -7.76293e+00
  +2.0400000000e+00    -7.64377e+00
  +2.0480000000e+00    -7.55676e+00
  +2.0560000000e+00    -8.02069e+00
  +2.0640000000e+00    -8.14218e+00
  +2.0720000000e+00    -8.22675e+00
  +2.0800000000e+00    -8.16745e+00
  +2.0880000000e+00    -8.36451e+00
  +2.0960000000e+00    -8.52580e+00
  +2.1040000000e+00    -8.70865e+00
  +2.1120000000e+00    -7.91241e+00
  +2.1200000000e+00    -8.63492e+00
  +2.1280000000e+00    -8.13488e+00
  +2.1360000000e+00    -7.67151e+00
  +2.1440000000e+00    -8.03217e+00
  +2.1520000000e+00    -7.11095e+00
  +2.1600000000e+00    -7.14145e+00
  +2.1680000000e+00    -6.39769e+00
  +2.1760000000e+00    -6.83483e+00
  +2.1840000000e+00    -5.74946e+00
  +2.1920000000e+00    -5.27778e+00
  +2.2000000000e+00    -5.33917e+00
  +2.2080000000e+00    -5.47617e+00
  +2.2160000000e+00    -4.61102e+00
  +2.2240000000e+00    -4.23947e+00
  +2.2320000000e+00    -3.79676e+00
  +2.2400000000e+00    -3.37582e+00
  +2.2480000000e+00    -3.05531e+00
  +2.2560000000e+00    -1.54450e+00
  +2.2640000000e+00    -1.60570e+00
  +2.2720000000e+00    -8.77975e-01
  +2.2800000000e+00    -6.52450e-01
  +2.2880000000e+00    +7.68571e-01
  +2.2960000000e+00    +1.19781e+00
  +2.3040000000e+00    +1.72208e+00
  +2.3120000000e+00    +1.92814e+00
  +2.3200000000e+00    +2.70196e+00
  +2.3280000000e+00    +2.72758e+00
  +2.3360000000e+00    +3.44753e+00
  +2.3440000000e+00    +3.70086e+00
  +2.3520000000e+00    +4.72499e+00
  +2.3600000000e+00    +5.26204e+00
  +2.3680000000e+00    +4.72636e+00
  +2.3760000000e+00    +5.46652e+00
  +2.3840000000e+00    +5.78384e+00
  +2.3920000000e+00    +6.60613e+00
  +2.4000000000e+00    +7.12778e+00
  +2.4080000000e+00    +7.67219e+00
  +2.4160000000e+00    +6.99117e+00
  +2.4240000000e+00    +7.39881e+00
  +2.4320000000e+00    +8.03698e+00
  +2.4400000000e+00    +8.16037e+00
  +2.4480000000e+00    +8.26187e+00
  +2.4560000000e+00    +8.08062e+00
  +2.4640000000e+00    +9.05803e+00
  +2.4720000000e+00    +8.71865e+00
  +2.4800000000e+00    +9.11721e+00
  +2.4880000000e+00    +8.99659e+00
  +2.4960000000e+00    +8.39282e+00
  +2.5040000000e+00    +8.65180e+00
  +2.5120000000e+00    +9.38202e+00
  +2.5200000000e+00    +9.24563e+00
  +2.5280000000e+00    +8.46335e+00
  +2.5360000000e+00    +8.57883e+00
  +2.5440000000e+00    +8.31862e+00
  +2.5520000000e+00    +8.43799e+00
  +2.5600000000e+00    +8.27097e+00
  +2.5680000000e+00    +7.01088e+00
  +2.5760000000e+00    +7.60791e+00
  +2.5840000000e+00    +6.91284e+00
  +2.5920000000e+00    +6.14071e+00
  +2.6000000000e+00    +5.73680e+00
  +2.6080000000e+00    +5.97427e+00
  +2.6160000000e+00    +5.46626e+00
  +2.6240000000e+00    +4.94855e+00
  +2.6320000000e+00    +5.02715e+00
  +2.6400000000e+00    +3.97029e+00
  +2.6480000000e+00    +2.96007e+00
  +2.6560000000e+00    +2.52308e+00
  +2.6640000000e+00    +1.97260e+00
  +2.6720000000e+00    +1.52170e+00
  +2.6800000000e+00    +1.68828e+00
  +2.6880000000e+00    +1.13472e+00
  +2.6960000000e+00    +3.18576e-01
  +2.7040000000e+00    -3.57206e-01
  +2.7120000000e+00    -6.20228e-01
  +2.7200000000e+00    -6.80708e-01
  +2.7280000000e+00    -1.48329e+00
  +2.7360000000e+00    -1.61096e+00
  +2.7440000000e+00    -2.60823e+00
  +2.7520000000e+00    -2.72122e+00
  +2.7600000000e+00    -2.80755e+00
  +2.7680000000e+00    -4.08606e+00
  +2.7760000000e+00    -4.09062e+00
  +2.7840000000e+00    -4.94184e+00
  +2.7920000000e+00    -5.21784e+00
  +2.8000000000e+00    -5.64028e+00
  +2.8080000000e+00    -5.88479e+00
  +2.8160000000e+00    -5.56179e+00
  +2.8240000000e+00    -6.10647e+00
  +2.8320000000e+00    -6.02132e+00
  +2.8400000000e+00    -5.95681e+00
  +2.8480000000e+00    -6.26162e+00
  +2.8560000000e+00    -6.11090e+00
  +2.8640000000e+00    -6.49599e+00
  +2.8720000000e+00    -6.36703e+00
  +2.8800000000e+00    -6.67305e+00
  +2.8880000000e+00    -7.28172e+00
  +2.8960000000e+00    -6.71733e+00
  +2.9040000000e+00    -6.71488e+00
  +2.9120000000e+00    -6.56038e+00
  +2.9200000000e+00    -6.48863e+00
  +2.9280000000e+00    -6.86288e+00
  +2.9360000000e+00    -6.49322e+00
  +2.9440000000e+00    -5.97803e+00
  +2.9520000000e+00    -6.08320e+00
  +2.9600000000e+00    -5.36044e+00
  +2.9680000000e+00    -6.08683e+00
  +2.9760000000e+00    -4.87910e+00
  +2.9840000000e+00    -4.74591e+00
  +2.9920000000e+00    -5.05335e+00
  +3.0000000000e+00    -4.21615e+00
  +3.0080000000e+00    -4.10729e+00
  +3.0160000000e+00    -4.05355e+00
  +3.0240000000e+00    -3.24929e+00
  +3.0320000000e+00    -2.38010e+00
  +3.0400000000e+00    -2.56950e+00
  +3.0480000000e+00    -1.98652e+00
  +3.0560000000e+00    -1.97274e+00
  +3.0640000000e+00    -1.58746e+00
  +3.0720000000e+00    -1.16486e+00
  +3.0800000000e+00    -8.81766e-01
  +3.0880000000e+00    -1.06841e-01
  +3.0960000000e+00    +2.59705e-01
  +3.1040000000e+00    +9.81040e-01
  +3.1120000000e+00    +1.13833e+00
  +3.1200000000e+00    +2.57103e+00
  +3.1280000000e+00    +2.41700e+00
  +3.1360000000e+00    +2.67721e+00
  +3.1440000000e+00    +2.97590e+00
  +3.1520000000e+00    +3.46130e+00
  +3.1600000000e+00    +3.98755e+00
  +3.1680000000e+00    +4.97691e+00
  +3.1760000000e+00    +4.79496e+00
  +3.1840000000e+00    +5.33151e+00
  +3.1920000000e+00    +4.93763e+00
  +3.2000000000e+00    +5.86844e+00
  +3.2080000000e+00    +6.40488e+00
  +3.2160000000e+00    +6.51072e+00
  +3.2240000000e+00    +6.58060e+00
  +3.2320000000e+00    +7.18715e+00
  +3.2400000000e+00    +7.54121e+00
  +3.2480000000e+00    +6.89576e+00
  +3.2560000000e+00    +7.58511e+00
  +3.2640000000e+00    +7.07733e+00
  +3.2720000000e+00    +6.84754e+00
  +3.2800000000e+00    +6.98910e+00
  +3.2880000000e+00    +7.29602e+00
  +3.2960000000e+00    +7.26553e+00
  +3.3040000000e+00    +6.89566e+00
  +3.3120000000e+00    +7.00061e+00
  +3.3200000000e+00    +7.27662e+00
  +3.3280000000e+00    +7.55928e+00
  +3.3360000000e+00    +7.31076e+00
  +3.3440000000e+00    +7.20606e+00
  +3.3520000000e+00    +6.65425e+00
  +3.3600000000e+00    +6.99804e+00
  +3.3680000000e+00    +6.89118e+00
  +3.3760000000e+00    +6.59528e+00
  +3.3840000000e+00    +5.72986e+00
  +3.3920000000e+00    +5.97151e+00
  +3.4000000000e+00    +4.99916e+00
  +3.4080000000e+00    +4.97330e+00
  +3.4160000000e+00    +4.50294e+00
  +3.4240000000e+00    +4.49191e+00
  +3.4320000000e+00    +3.44110e+00
  +3.4400000000e+00    +3.60628e+00
  +3.4480000000e+00    +3.15203e+00
  +3.4560000000e+00    +2.72350e+00
  +3.4640000000e+00    +2.01244e+00
  +3.4720000000e+00    +1.64256e+00
  +3.4800000000e+00    +9.93816e-01
  +3.4880000000e+00    +4.11002e-01
  +3.4960000000e+00    +3.03483e-01
  +3.5040000000e+00    +3.91087e-03
  +3.5120000000e+00    -1.65807e-01
  +3.5200000000e+00    -1.61282e-01
  +3.5280000000e+00    -1.66047e+00
  +3.5360000000e+00    -1.19684e+00
  +3.5440000000e+00    -1.38502e+00
  +3.5520000000e+00    -1.81817e+00
  +3.5600000000e+00    -3.00449e+00
  +3.5680000000e+00    -2.39225e+00
  +3.5760000000e+00    -3.27278e+00
  +3.5840000000e+00    -3.15453e+00
  +3.5920000000e+00    -3.42943e+00
  +3.6000000000e+00    -4.25620e+00
  +3.6080000000e+00    -4.20968e+00
  +3.6160000000e+00    -4.18136e+00
  +3.6240000000e+00    -5.42905e+00
  +3.6320000000e+00    -5.52050e+00
  +3.6400000000e+00    -5.33432e+00
  +3.6480000000e+00    -5.75353e+00
  +3.6560000000e+00    -6.02080e+00
  +3.6640000000e+00    -5.18946e+00
  +3.6720000000e+00    -5.81697e+00
  +3.6800000000e+00    -5.27538e+00
  +3.6880000000e+00    -6.07364e+00
  +3.6960000000e+00    -5.46476e+00
  +3.7040000000e+00    -5.20089e+00
  +3.7120000000e+00    -5.28307e+00
  +3.7200000000e+00    -5.85414e+00
  +3.7280000000e+00    -5.59081e+00
  +3.7360000000e+00    -5.47073e+00
  +3.7440000000e+00    -5.40841e+00
  +3.7520000000e+00    -5.16903e+00
  +3.7600000000e+00    -5.26618e+00
  +3.7680000000e+00    -4.67914e+00
  +3.7760000000e+00    -4.43271e+00
  +3.7840000000e+00    -4.64643e+00
  +3.7920000000e+00    -3.70951e+00
  +3.8000000000e+00    -4.14301e+00
  +3.8080000000e+00    -3.66744e+00
  +3.8160000000e+00    -2.67340e+00
  +3.8240000000e+00    -2.59211e+00
  +3.8320000000e+00    -2.87323e+00
  +3.8400000000e+00    -2.21771e+00
  +3.8480000000e+00    -1.80457e+00
  +3.8560000000e+00    -1.65056e+00
  +3.8640000000e+00    -1.32034e+00
  +3.8720000000e+00    -5.68965e-01
  +3.8800000000e+00    -3.34293e-01
  +3.8880000000e+00    +6.17553e-01
  +3.8960000000e+00    +7.12175e-01
  +3.9040000000e+00    +1.37352e+00
  +3.9120000000e+00    +1.36606e+00
  +3.9200000000e+00    +1.10318e+00
  +3.9280000000e+00    +1.55623e+00
  +3.9360000000e+00    +2.05747e+00
  +3.9440000000e+00    +2.59412e+00
  +3.9520000000e+00    +3.40363e+00
  +3.9600000000e+00    +3.09709e+00
  +3.9680000000e+00    +3.57560e+00
  +3.9760000000e+00    +4.31762e+00
  +3.9840000000e+00    +4.16824e+00
  +3.9920000000e+00    +4.46486e+00
  +4.0000000000e+00    +4.50950e+00
  +4.0080000000e+00    +5.01212e+00
  +4.0160000000e+00    +5.81319e+00
  +4.0240000000e+00    +5.98734e+00
  +4.0320000000e+00    +5.54973e+00
  +4.0400000000e+00    +6.07467e+00
  +4.0480000000e+00    +5.70742e+00
  +4.0560000000e+00    +6.62858e+00
  +4.0640000000e+00    +6.34576e+00
  +4.0720000000e+00    +5.89036e+00
  +4.0800000000e+00    +5.82512e+00
  +4.0880000000e+00    +6.39393e+00
  +4.0960000000e+00    +6.04487e+00
  +4.1040000000e+00    +5.77326e+00
  +4.1120000000e+00    +5.83743e+00
  +4.1200000000e+00    +5.61886e+00
  +4.1280000000e+00    +6.30114e+00
  +4.1360000000e+00    +6.29873e+00
  +4.1440000000e+00    +6.23622e+00
  +4.1520000000e+00    +5.39864e+00
  +4.1600000000e+00    +5.98495e+00
  +4.1680000000e+00    +5.42959e+00
  +4.1760000000e+00    +4.51988e+00
  +4.1840000000e+00    +4.66775e+00
  +4.1920000000e+00    +4.64887e+00
  +4.2000000000e+00    +4.58198e+00
  +4.2080000000e+00    +4.09150e+00
  +4.2160000000e+00    +4.17742e+00
  +4.2240000000e+00    +3.16912e+00
  +4.2320000000e+00    +3.82043e+00
  +4.2400000000e+00    +3.34804e+00
  +4.2480000000e+00    +2.37663e+00
  +4.2560000000e+00    +2.46161e+00
  +4.2640000000e+00    +1.65968e+00
  +4.2720000000e+00    +1.06431e+00
  +4.2800000000e+00    +1.27561e+00
  +4.2880000000e+00    +1.33558e+00
  +4.2960000000e+00    +9.44091e-01
  +4.3040000000e+00    +7.47311e-01
  +4.3120000000e+00    -2.46983e-01
  +4.3200000000e+00    -5.19934e-01
  +4.3280000000e+00    -1.14615e+00
  +4.3360000000e+00    -1.29077e+00
  +4.3440000000e+00    -1.36906e+00
  +4.3520000000e+00    -1.69995e+00
  +4.3600000000e+00    -2.42011e+00
  +4.3680000000e+00    -2.70577e+00
  +4.3760000000e+00    -2.66992e+00
  +4.3840000000e+00    -2.44228e+00
  +4.3920000000e+00    -3.47403e+00
  +4.4000000000e+00    -3.27755e+00
  +4.4080000000e+00    -3.95714e+00
  +4.4160000000e+00    -3.28969e+00
  +4.4240000000e+00    -3.56721e+00
  +4.4320000000e+00    -3.96455e+00
  +4.4400000000e+00    -4.30318e+00
  +4.4480000000e+00    -4.30801e+00
  +4.4560000000e+00    -3.94717e+00
  +4.4640000000e+00    -3.99112e+00
  +4.4720000000e+00    -4.54324e+00
  +4.4800000000e+00    -4.54533e+00
  +4.4880000000e+00    -4.11033e+00
  +4.4960000000e+00    -4.50554e+00
  +4.5040000000e+00    -4.24559e+00
  +4.5120000000e+00    -4.34303e+00
  +4.5200000000e+00    -4.51377e+00
  +4.5280000000e+00    -4.72974e+00
  +4.5360000000e+00    -4.18726e+00
  +4.5440000000e+00    -4.55487e+00
  +4.5520000000e+00    -4.36801e+00
  +4.5600000000e+00    -3.42385e+00
  +4.5680000000e+00    -4.13619e+00
  +4.5760000000e+00    -3.31842e+00
  +4.5840000000e+00    -3.36254e+00
  +4.5920000000e+00    -2.92322e+00
  +4.6000000000e+00    -2.54531e+00
  +4.6080000000e+00    -2.79782e+00
  +4.6160000000e+00    -2.94170e+00
  +4.6240000000e+00    -1.69278e+00
  +4.6320000000e+00    -1.96377e+00
  +4.6400000000e+00    -1.35406e+00
  +4.6480000000e+00    -8.05946e-01
  +4.6560000000e+00    -1.13974e+00
  +4.6640000000e+00    +3.80269e-03
  +4.6720000000e+00    +4.44941e-02
  +4.6800000000e+00    +3.03374e-01
  +4.6880000000e+00    +5.23114e-01
  +4.6960000000e+00    +6.59123e-01
  +4.7040000000e+00    +7.43747e-01
  +4.7120000000e+00    +1.61618e+00
  +4.7200000000e+00    +1.61614e+00
  +4.7280000000e+00    +2.21803e+00
  +4.7360000000e+00    +2.77329e+00
  +4.7440000000e+00    +2.71447e+00
  +4.7520000000e+00    +3.14281e+00
  +4.7600000000e+00    +2.97331e+00
  +4.7680000000e+00    +3.65379e+00
  +4.7760000000e+00    +3.31106e+00
  +4.7840000000e+00    +3.33986e+00
  +4.7920000000e+00    +3.88643e+00
  +4.8000000000e+00    +3.54656e+00
  +4.8080000000e+00    +4.75007e+00
  +4.8160000000e+00    +4.24402e+00
  +4.8240000000e+00    +4.90444e+00
  +4.8320000000e+00    +5.17843e+00
  +4.8400000000e+00    +5.18033e+00
  +4.8480000000e+00    +5.21868e+00
  +4.8560000000e+00    +4.83071e+00
  +4.8640000000e+00    +5.18926e+00
  +4.8720000000e+00    +5.80169e+00
  +4.8800000000e+00    +5.00838e+00
  +4.8880000000e+00    +4.98325e+00
  +4.8960000000e+00    +5.05904e+00
  +4.9040000000e+00    +5.64925e+00
  +4.9120000000e+00    +5.07939e+00
  +4.9200000000e+00    +5.33415e+00
  +4.9280000000e+00    +4.77607e+00
  +4.9360000000e+00    +4.54514e+00
  +4.9440000000e+00    +4.72296e+00
  +4.9520000000e+00    +4.48698e+00
  +4.9600000000e+00    +5.19495e+00
  +4.9680000000e+00    +5.02888e+00
  +4.9760000000e+00    +3.78631e+00
  +4.9840000000e+00    +4.23973e+00
  +4.9920000000e+00    +3.43209e+00
  +5.0000000000e+00    +3.67082e+00
  +5.0080000000e+00    +3.58771e+00
  +5.0160000000e+00    +3.65592e+00
  +5.0240000000e+00    +3.20486e+00
  +5.0320000000e+00    +2.54414e+00
  +5.0400000000e+00    +2.99756e+00
  +5.0480000000e+00    +2.58773e+00
  +5.0560000000e+00    +2.08911e+00
  +5.0640000000e+00    +2.16611e+00
  +5.0720000000e+00    +1.24111e+00
  +5.0800000000e+00    +9.87752e-01
  +5.0880000000e+00    +1.00938e+00
  +5.0960000000e+00    +9.84033e-02
  +5.1040000000e+00    +1.93216e-01
  +5.1120000000e+00    -3.62881e-01
  +5.1200000000e+00    +7.08138e-02
  +5.1280000000e+00    -2.16173e-01
  +5.1360000000e+00    -6.26464e-01
  +5.1440000000e+00    -5.63133e-01
  +5.1520000000e+00    -9.15663e-01
  +5.1600000000e+00    -1.46096e+00
  +5.1680000000e+00    -2.34643e+00
  +5.1760000000e+00    -2.49533e+00
  +5.1840000000e+00    -2.21264e+00
  +5.1920000000e+00    -1.87532e+00
  +5.2000000000e+00    -2.22732e+00
  +5.2080000000e+00    -2.29875e+00
  +5.2160000000e+00    -2.40341e+00
  +5.2240000000e+00    -3.25215e+00
  +5.2320000000e+00    -3.45671e+00
  +5.2400000000e+00    -3.01942e+00
  +5.2480000000e+00    -3.78516e+00
  +5.2560000000e+00    -2.98692e+00
  +5.2640000000e+00    -3.08482e+00
  +5.2720000000e+00    -3.81887e+00
  +5.2800000000e+00    -3.88059e+00
  +5.2880000000e+00    -3.47560e+00
  +5.2960000000e+00    -3.44826e+00
  +5.3040000000e+00    -3.32460e+00
  +5.3120000000e+00    -3.53580e+00
  +5.3200000000e+00    -4.09170e+00
  +5.3280000000e+00    -3.47369e+00
  +5.3360000000e+00    -3.99264e+00
  +5.3440000000e+00    -3.04651e+00
  +5.3520000000e+00    -3.04760e+00
  +5.3600000000e+00    -2.98413e+00
  +5.3680000000e+00    -3.32259e+00
  +5.3760000000e+00    -2.53356e+00
  +5.3840000000e+00    -2.34458e+00
  +5.3920000000e+00    -2.68091e+00
  +5.4000000000e+00    -2.80438e+00
  +5.4080000000e+00    -1.62131e+00
  +5.4160000000e+00    -1.57285e+00
  +5.4240000000e+00    -1.61921e+00
  +5.4320000000e+00    -1.14063e+00
  +5.4400000000e+00    -8.27758e-01
  +5.4480000000e+00    -1.11169e+00
  +5.4560000000e+00    -1.52372e-01
  +5.4640000000e+00    -3.23241e-01
  +5.4720000000e+00    -4.08724e-01
  +5.4800000000e+00    -2.13105e-01
  +5.4880000000e+00    +8.51227e-01
  +5.4960000000e+00    +4.37995e-01
  +5.5040000000e+00    +4.57102e-01
  +5.5120000000e+00    +1.68838e+00
  +5.5200000000e+00    +1.52923e+00
  +5.5280000000e+00    +2.18852e+00
  +5.5360000000e+00    +1.50086e+00
  +5.5440000000e+00    +2.48978e+00
  +5.5520000000e+00    +2.28653e+00
  +5.5600000000e+00    +2.68458e+00
  +5.5680000000e+00    +2.18323e+00
  +5.5760000000e+00    +3.04563e+00
  +5.5840000000e+00    +3.29387e+00
  +5.5920000000e+00    +3.38456e+00
  +5.6000000000e+00    +2.99873e+00
  +5.6080000000e+00    +3.72943e+00
  +5.6160000000e+00    +3.29106e+00
  +5.6240000000e+00    +4.40004e+00
  +5.6320000000e+00    +4.19125e+00
  +5.6400000000e+00    +4.44052e+00
  +5.6480000000e+00    +4.47694e+00
  +5.6560000000e+00    +4.50941e+00
  +5.6640000000e+00    +4.97331e+00
  +5.6720000000e+00    +4.08594e+00
  +5.6800000000e+00    +4.47708e+00
  +5.6880000000e+00    +4.92922e+00
  +5.6960000000e+00    +4.51705e+00
  +5.7040000000e+00    +4.81541e+00
  +5.7120000000e+00    +4.09340e+00
  +5.7200000000e+00    +4.66313e+00
  +5.7280000000e+00    +4.86062e+00
  +5.7360000000e+00    +3.89348e+00
  +5.7440000000e+00    +4.10338e+00
  +5.7520000000e+00    +3.53213e+00
  +5.7600000000e+00    +3.63091e+00
  +5.7680000000e+00    +4.05783e+00
  +5.7760000000e+00    +4.13823e+00
  +5.7840000000e+00    +3.39225e+00
  +5.7920000000e+00    +2.81623e+00
  +5.8000000000e+00    +3.68887e+00
  +5.8080000000e+00    +3.02862e+00
  +5.8160000000e+00    +3.32850e+00
  +5.8240000000e+00    +2.39817e+00
  +5.8320000000e+00    +2.67697e+00
  +5.8400000000e+00    +1.65621e+00
  +5.8480000000e+00    +1.97556e+00
  +5.8560000000e+00    +1.56409e+00
  +5.8640000000e+00    +1.37155e+00
  +5.8720000000e+00    +1.87305e+00
  +5.8800000000e+00    +1.35559e+00
  +5.8880000000e+00    +6.29523e-01
  +5.8960000000e+00    +7.78578e-01
  +5.9040000000e+00    +2.52627e-01
  +5.9120000000e+00    +2.04810e-01
  +5.9200000000e+00    +4.74675e-01
  +5.9280000000e+00    -1.75961e-01
  +5.9360000000e+00    -9.51680e-01
  +5.9440000000e+00    -3.78776e-01
  +5.9520000000e+00    -6.69212e-01
  +5.9600000000e+00    -1.67530e+00
  +5.9680000000e+00    -1.75957e+00
  +5.9760000000e+00    -1.79975e+00
  +5.9840000000e+00    -1.84512e+00
  +5.9920000000e+00    -1.87909e+00
  +6.0000000000e+00    -2.30752e+00
  +6.0080000000e+00    -1.82276e+00
  +6.0160000000e+00    -1.96938e+00
  +6.0240000000e+00    -2.75459e+00
  +6.0320000000e+00    -2.44962e+00
  +6.0400000000e+00    -3.14841e+00
  +6.0480000000e+00    -2.55517e+00
  +6.0560000000e+00    -3.01898e+00
  +6.0640000000e+00    -2.66961e+00
  +6.0720000000e+00    -3.17247e+00
  +6.0800000000e+00    -2.73815e+00
  +6.0880000000e+00    -3.09474e+00
  +6.0960000000e+00    -3.09749e+00
  +6.1040000000e+00    -3.30559e+00
  +6.1120000000e+00    -2.66282e+00
  +6.1200000000e+00    -2.50465e+00
  +6.1280000000e+00    -2.32667e+00
  +6.1360000000e+00    -2.74591e+00
  +6.1440000000e+00    -3.04588e+00
  +6.1520000000e+00    -2.45114e+00
  +6.1600000000e+00    -2.84615e+00
  +6.1680000000e+00    -2.46856e+00
  +6.1760000000e+00    -1.78694e+00
  +6.1840000000e+00    -2.15589e+00
  +6.1920000000e+00    -1.43074e+00
  +6.2000000000e+00    -1.91104e+00
  +6.2080000000e+00    -1.40997e+00
  +6.2160000000e+00    -1.31243e+00
  +6.2240000000e+00    -1.74887e+00
  +6.2320000000e+00    -1.19355e+00
  +6.2400000000e+00    -3.36247e-01
  +6.2480000000e+00    -1.21622e+00
  +6.2560000000e+00    -6.32122e-01
  +6.2640000000e+00    -6.07465e-01
  +6.2720000000e+00    -3.33295e-01
  +6.2800000000e+00    +1.16027e-02
  +6.2880000000e+00    +9.21363e-01
  +6.2960000000e+00    +6.36054e-01
  +6.3040000000e+00    +1.18791e+00
  +6.3120000000e+00    +8.75702e-01
  +6.3200000000e+00    +1.15957e+00
  +6.3280000000e+00    +2.00794e+00
  +6.3360000000e+00    +1.23001e+00
  +6.3440000000e+00    +1.30273e+00
  +6.3520000000e+00    +2.24032e+00
  +6.3600000000e+00    +2.74767e+00
  +6.3680000000e+00    +1.88985e+00
  +6.3760000000e+00    +2.75564e+00
  +6.3840000000e+00    +2.29231e+00
  +6.3920000000e+00    +3.11496e+00
  +6.4000000000e+00    +3.14899e+00
  +6.4080000000e+00    +2.60406e+00
  +6.4160000000e+00    +3.63655e+00
  +6.4240000000e+00    +3.94717e+00
  +6.4320000000e+00    +3.40795e+00
  +6.4400000000e+00    +3.39998e+00
  +6.4480000000e+00    +3.09781e+00
  +6.4560000000e+00    +3.38349e+00
  +6.4640000000e+00    +3.86649e+00
  +6.4720000000e+00    +3.92445e+00
  +6.4800000000e+00    +3.53831e+00
  +6.4880000000e+00    +4.03116e+00
  +6.4960000000e+00    +3.31883e+00
  +6.5040000000e+00    +4.36224e+00
  +6.5120000000e+00    +3.31543e+00
  +6.5200000000e+00    +3.57169e+00
  +6.5280000000e+00    +3.89781e+00
  +6.5360000000e+00    +3.65428e+00
  +6.5440000000e+00    +3.61296e+00
  +6.5520000000e+00    +3.36994e+00
  +6.5600000000e+00    +3.74074e+00
  +6.5680000000e+00    +3.05303e+00
  +6.5760000000e+00    +3.38341e+00
  +6.5840000000e+00    +3.58686e+00
  +6.5920000000e+00    +2.70991e+00
  +6.6000000000e+00    +3.14348e+00
  +6.6080000000e+00    +2.93999e+00
  +6.6160000000e+00    +1.99495e+00
  +6.6240000000e+00    +1.89663e+00
  +6.6320000000e+00    +2.01972e+00
  +6.6400000000e+00    +2.18546e+00
  +6.6480000000e+00    +1.93239e+00
  +6.6560000000e+00    +1.81850e+00
  +6.6640000000e+00    +7.76288e-01
  +6.6720000000e+00    +7.22024e-01
  +6.6800000000e+00    +1.29544e+00
  +6.6880000000e+00    +1.22616e+00
  +6.6960000000e+00    +8.98223e-01
  +6.7040000000e+00    +9.50252e-01
  +6.7120000000e+00    +7.57175e-01
  +6.7200000000e+00    -3.25623e-01
  +6.7280000000e+00    -1.57958e-01
  +6.7360000000e+00    +2.26225e-02
  +6.7440000000e+00    -5.25092e-01
  +6.7520000000e+00    -5.30535e-01
  +6.7600000000e+00    -7.78481e-01
  +6.7680000000e+00    -7.40887e-01
  +6.7760000000e+00    -1.68673e+00
  +6.7840000000e+00    -1.31740e+00
  +6.7920000000e+00    -1.80082e+00
  +6.8000000000e+00    -1.77528e+00
  +6.8080000000e+00    -1.65698e+00
  +6.8160000000e+00    -1.52868e+00
  +6.8240000000e+00    -2.03562e+00
  +6.8320000000e+00    -2.02883e+00
  +6.8400000000e+00    -2.54096e+00
  +6.8480000000e+00    -2.50347e+00
  +6.8560000000e+00    -2.49023e+00
  +6.8640000000e+00    -2.34355e+00
  +6.8720000000e+00    -2.62826e+00
  +6.8800000000e+00    -2.62492e+00
  +6.8880000000e+00    -1.88214e+00
  +6.8960000000e+00    -2.24958e+00
  +6.9040000000e+00    -1.81792e+00
  +6.9120000000e+00    -2.17800e+00
  +6.9200000000e+00    -2.58821e+00
  +6.9280000000e+00    -2.72913e+00
  +6.9360000000e+00    -2.12969e+00
  +6.9440000000e+00    -2.18825e+00
  +6.9520000000e+00    -1.82095e+00
  +6.9600000000e+00    -1.66042e+00
  +6.9680000000e+00    -1.96475e+00
  +6.9760000000e+00    -1.69066e+00
  +6.9840000000e+00    -1.99847e+00
  +6.9920000000e+00    -9.66024e-01
  +7.0000000000e+00    -1.34024e+00
  +7.0080000000e+00    -1.50607e+00
  +7.0160000000e+00    -1.40542e+00
  +7.0240000000e+00    -3.87680e-01
  +7.0320000000e+00    -5.51145e-01
  +7.0400000000e+00    -3.65769e-01
  +7.0480000000e+00    -2.41884e-01
  +7.0560000000e+00    +4.72367e-02
  +7.0640000000e+00    -2.77310e-02
  +7.0720000000e+00    +7.35027e-02
  +7.0800000000e+00    +6.84264e-01
  +7.0880000000e+00    +2.56629e-01
  +7.0960000000e+00    +2.75188e-01
  +7.1040000000e+00    +5.06223e-01
  +7.1120000000e+00    +1.41860e+00
  +7.1200000000e+00    +1.34967e+00
  +7.1280000000e+00    +1.72470e+00
  +7.1360000000e+00    +1.30722e+00
  +7.1440000000e+00    +1.77361e+00
  +7.1520000000e+00    +1.18537e+00
  +7.1600000000e+00    +2.41572e+00
  +7.1680000000e+00    +2.03502e+00
  +7.1760000000e+00    +2.24713e+00
  +7.1840000000e+00    +2.68054e+00
  +7.1920000000e+00    +2.30459e+00
  +7.2000000000e+00    +2.76708e+00
  +7.2080000000e+00    +2.48173e+00
  +7.2160000000e+00    +2.59991e+00
  +7.2240000000e+00    +3.06532e+00
  +7.2320000000e+00    +2.92070e+00
  +7.2400000000e+00    +2.58562e+00
  +7.2480000000e+00    +2.80060e+00
  +7.2560000000e+00    +3.73476e+00
  +7.2640000000e+00    +3.45608e+00
  +7.2720000000e+00    +3.44810e+00
  +7.2800000000e+00    +3.06397e+00
  +7.2880000000e+00    +2.71077e+00
  +7.2960000000e+00    +3.37351e+00
  +7.3040000000e+00    +2.72443e+00
  +7.3120000000e+00    +2.98080e+00
  +7.3200000000e+00    +2.85428e+00
  +7.3280000000e+00    +3.13429e+00
  +7.3360000000e+00    +3.45675e+00
  +7.3440000000e+00    +3.23841e+00
  +7.3520000000e+00    +2.77948e+00
  +7.3600000000e+00    +2.67760e+00
  +7.3680000000e+00    +2.34078e+00
  +7.3760000000e+00    +2.33527e+00
  +7.3840000000e+00    +2.88927e+00
  +7.3920000000e+00    +2.01218e+00
  +7.4000000000e+00    +2.93159e+00
  +7.4080000000e+00    +2.18796e+00
  +7.4160000000e+00    +1.66951e+00
  +7.4240000000e+00    +2.11804e+00
  +7.4320000000e+00    +2.28739e+00
  +7.4400000000e+00    +1.54387e+00
  +7.4480000000e+00    +1.91963e+00
  +7.4560000000e+00    +1.67296e+00
  +7.4640000000e+00    +1.38122e+00
  +7.4720000000e+00    +9.56770e-01
  +7.4800000000e+00    +8.14369e-01
  +7.4880000000e+00    +6.80445e-01
  +7.4960000000e+00    +5.03352e-01
  +7.5040000000e+00    +1.30986e-01
  +7.5120000000e+00    +2.68290e-01
  +7.5200000000e+00    -4.30943e-01
  +7.5280000000e+00    +3.86888e-02
  +7.5360000000e+00    -6.93186e-01
  +7.5440000000e+00    +1.52293e-01
  +7.5520000000e+00    -3.87376e-02
  +7.5600000000e+00    -8.09384e-01
  +7.5680000000e+00    -1.49371e-01
  +7.5760000000e+00    -3.01314e-01
  +7.5840000000e+00    -4.08193e-01
  +7.5920000000e+00    -1.53029e+00
  +7.6000000000e+00    -1.82379e+00
  +7.6080000000e+00    -1.60130e+00
  +7.6160000000e+00    -1.60090e+00
  +7.6240000000e+00    -1.82598e+00
  +7.6320000000e+00    -1.26089e+00
  +7.6400000000e+00    -1.95471e+00
  +7.6480000000e+00    -1.75138e+00
  +7.6560000000e+00    -2.03697e+00
  +7.6640000000e+00    -1.96238e+00
  +7.6720000000e+00    -1.32974e+00
  +7.6800000000e+00    -2.41959e+00
  +7.6880000000e+00    -2.28769e+00
  +7.6960000000e+00    -1.98129e+00
  +7.7040000000e+00    -1.43133e+00
  +7.7120000000e+00    -2.16284e+00
  +7.7200000000e+00    -1.27526e+00
  +7.7280000000e+00    -1.18385e+00
  +7.7360000000e+00    -1.86456e+00
  +7.7440000000e+00    -1.07058e+00
  +7.7520000000e+00    -2.03622e+00
  +7.7600000000e+00    -1.19616e+00
  +7.7680000000e+00    -1.34452e+00
  +7.7760000000e+00    -1.19665e+00
  +7.7840000000e+00    -1.25213e+00
  +7.7920000000e+00    -1.47289e+00
  +7.8000000000e+00    -1.48558e+00
  +7.8080000000e+00    -7.66707e-01
  +7.8160000000e+00    -4.33922e-01
  +7.8240000000e+00    -4.97477e-01
  +7.8320000000e+00    -5.76501e-01
  +7.8400000000e+00    +1.10595e-01
  +7.8480000000e+00    -1.69480e-01
  +7.8560000000e+00    -4.84844e-01
  +7.8640000000e+00    +1.96288e-01
  +7.8720000000e+00    -8.26682e-02
  +7.8800000000e+00    +6.13446e-01
  +7.8880000000e+00    +1.03301e+00
  +7.8960000000e+00    +2.93892e-01
  +7.9040000000e+00    +1.26358e+00
  +7.9120000000e+00    +1.12660e+00
  +7.9200000000e+00    +5.05767e-01
  +7.9280000000e+00    +8.76497e-01
  +7.9360000000e+00    +1.83675e+00
  +7.9440000000e+00    +1.40055e+00
  +7.9520000000e+00    +2.03358e+00
  +7.9600000000e+00    +2.01803e+00
  +7.9680000000e+00    +1.25806e+00
  +7.9760000000e+00    +2.24773e+00
  +7.9840000000e+00    +2.25290e+00
  +7.9920000000e+00    +2.60102e+00
  +8.0000000000e+00    +2.34451e+00
  +8.0080000000e+00    +2.49759e+00
  +8.0160000000e+00    +1.97412e+00
  +8.0240000000e+00    +2.15400e+00
  +8.0320000000e+00    +2.00508e+00
  +8.0400000000e+00    +2.57430e+00
  +8.0480000000e+00    +2.47674e+00
  +8.0560000000e+00    +2.47851e+00
  +8.0640000000e+00    +2.76031e+00
  +8.0720000000e+00    +2.41030e+00
  +8.0800000000e+00    +3.33365e+00
  +8.0880000000e+00    +3.35415e+00
  +8.0960000000e+00    +2.93651e+00
  +8.1040000000e+00    +2.22054e+00
  +8.1120000000e+00    +3.28517e+00
  +8.1200000000e+00    +2.99369e+00
  +8.1280000000e+00    +2.22924e+00
  +8.1360000000e+00    +3.30097e+00
  +8.1440000000e+00    +2.43721e+00
  +8.1520000000e+00    +2.96303e+00
  +8.1600000000e+00    +2.49757e+00
  +8.1680000000e+00    +2.56876e+00
  +8.1760000000e+00    +2.34638e+00
  +8.1840000000e+00    +2.35111e+00
  +8.1920000000e+00    +1.81577e+00
  +8.2000000000e+00    +2.18474e+00
  +8.2080000000e+00    +1.59758e+00
  +8.2160000000e+00    +1.81040e+00
  +8.2240000000e+00    +1.83348e+00
  +8.2320000000e+00    +1.61164e+00
  +8.2400000000e+00    +1.91680e+00
  +8.2480000000e+00    +2.00970e+00
  +8.2560000000e+00    +1.86791e+00
  +8.2640000000e+00    +1.44150e+00
  +8.2720000000e+00    +6.69586e-01
  +8.2800000000e+00    +3.48029e-01
  +8.2880000000e+00    +3.67021e-01
  +8.2960000000e+00    +7.11616e-01
  +8.3040000000e+00    +6.55460e-01
  +8.3120000000e+00    +2.11236e-01
  +8.3200000000e+00    +4.01186e-01
  +8.3280000000e+00    +5.81306e-01
  +8.3360000000e+00    -3.20117e-01
  +8.3440000000e+00    -4.34644e-01
  +8.3520000000e+00    -7.27249e-01
  +8.3600000000e+00    -3.46360e-01
  +8.3680000000e+00    -1.16073e-01
  +8.3760000000e+00    -8.57857e-01
  +8.3840000000e+00    -3.68856e-01
  +8.3920000000e+00    -8.87917e-01
  +8.4000000000e+00    -8.50391e-01
  +8.4080000000e+00    -3.95192e-01
  +8.4160000000e+00    -8.39377e-01
  +8.4240000000e+00    -5.56896e-01
  +8.4320000000e+00    -1.66796e+00
  +8.4400000000e+00    -7.68896e-01
  +8.4480000000e+00    -1.83416e+00
  +8.4560000000e+00    -1.78986e+00
  +8.4640000000e+00    -1.22141e+00
  +8.4720000000e+00    -1.55498e+00
  +8.4800000000e+00    -1.63119e+00
  +8.4880000000e+00    -1.07087e+00
  +8.4960000000e+00    -1.66368e+00
  +8.5040000000e+00    -1.28908e+00
  +8.5120000000e+00    -1.45242e+00
  +8.5200000000e+00    -1.63371e+00
  +8.5280000000e+00    -9.49696e-01
  +8.5360000000e+00    -1.22673e+00
  +8.5440000000e+00    -1.78513e+00
  +8.5520000000e+00    -1.48714e+00
  +8.5600000000e+00    -1.55354e+00
  +8.5680000000e+00    -1.00581e+00
  +8.5760000000e+00    -1.37739e+00
  +8.5840000000e+00    -9.50147e-01
  +8.5920000000e+00    -5.72187e-01
  +8.6000000000e+00    -2.25245e-01
  +8.6080000000e+00    -3.59335e-01
  +8.6160000000e+00    -1.09175e+00
  +8.6240000000e+00    +6.75397e-02
  +8.6320000000e+00    +2.10397e-01
  +8.6400000000e+00    -1.15742e-01
  +8.6480000000e+00    +4.25568e-01
  +8.6560000000e+00    -2.37225e-01
  +8.6640000000e+00    +5.95911e-01
  +8.6720000000e+00    -3.62855e-01
  +8.6800000000e+00    +3.07921e-01
  +8.6880000000e+00    +4.74714e-02
  +8.6960000000e+00    +3.51253e-01
  +8.7040000000e+00    +2.96886e-01
  +8.7120000000e+00    +9.18214e-01
  +8.7200000000e+00    +1.13838e+00
  +8.7280000000e+00    +8.79102e-01
  +8.7360000000e+00    +6.52987e-01
  +8.7440000000e+00    +7.32139e-01
  +8.7520000000e+00    +8.48060e-01
  +8.7600000000e+00    +9.83509e-01
  +8.7680000000e+00    +1.02002e+00
  +8.7760000000e+00    +2.27870e+00
  +8.7840000000e+00    +2.06047e+00
  +8.7920000000e+00    +2.16718e+00
  +8.8000000000e+00    +1.40585e+00
  +8.8080000000e+00    +1.56551e+00
  +8.8160000000e+00    +1.81259e+00
  +8.8240000000e+00    +2.65003e+00
  +8.8320000000e+00    +2.79799e+00
  +8.8400000000e+00    +2.87615e+00
  +8.8480000000e+00    +2.14804e+00
  +8.8560000000e+00    +2.11908e+00
  +8.8640000000e+00    +2.01948e+00
  +8.8720000000e+00    +2.70797e+00
  +8.8800000000e+00    +2.69359e+00
  +8.8880000000e+00    +2.06996e+00
  +8.8960000000e+00    +2.36415e+00
  +8.9040000000e+00    +1.89100e+00
  +8.9120000000e+00    +2.61062e+00
  +8.9200000000e+00    +2.74579e+00
  +8.9280000000e+00    +2.81807e+00
  +8.9360000000e+00    +2.69042e+00
  +8.9440000000e+00    +2.23073e+00
  +8.9520000000e+00    +2.06770e+00
  +8.9600000000e+00    +1.67559e+00
  +8.9680000000e+00    +2.52108e+00
  +8.9760000000e+00    +1.59468e+00
  +8.9840000000e+00    +1.40942e+00
  +8.9920000000e+00    +1.66144e+00
  +9.0000000000e+00    +2.36649e+00
  +9.0080000000e+00    +1.97585e+00
  +9.0160000000e+00    +1.53894e+00
  +9.0240000000e+00    +1.99261e+00
  +9.0320000000e+00    +1.68716e+00
  +9.0400000000e+00    +1.51617e+00
  +9.0480000000e+00    +1.19076e+00
  +9.0560000000e+00    +1.73535e+00
  +9.0640000000e+00    +1.42905e+00
  +9.0720000000e+00    +3.75591e-01
  +9.0800000000e+00    +4.29153e-01
  +9.0880000000e+00    +7.28568e-01
  +9.0960000000e+00    +7.04551e-01
  +9.1040000000e+00    +2.47071e-01
  +9.1120000000e+00    +3.16116e-01
  +9.1200000000e+00    +1.58465e-01
  +9.1280000000e+00    -2.69732e-01
  +9.1360000000e+00    +6.25033e-01
  +9.1440000000e+00    -2.01377e-01
  +9.1520000000e+00    +2.86165e-01
  +9.1600000000e+00    -7.84491e-01
  +9.1680000000e+00    -3.83203e-01
  +9.1760000000e+00    -9.24418e-01
  +9.1840000000e+00    -7.08697e-01
  +9.1920000000e+00    -2.28167e-02
  +9.2000000000e+00    -2.13924e-01
  +9.2080000000e+00    -1.09379e+00
  +9.2160000000e+00    -7.20245e-01
  +9.2240000000e+00    -1.08025e+00
  +9.2320000000e+00    -4.03489e-01
  +9.2400000000e+00    -1.43748e+00
  +9.2480000000e+00    -6.23416e-01
  +9.2560000000e+00    -1.39249e+00
  +9.2640000000e+00    -7.67197e-01
  +9.2720000000e+00    -1.37433e+00
  +9.2800000000e+00    -1.42193e+00
  +9.2880000000e+00    -1.41778e+00
  +9.2960000000e+00    -5.06231e-01
  +9.3040000000e+00    -1.21430e+00
  +9.3120000000e+00    -8.97125e-01
  +9.3200000000e+00    -1.58392e+00
  +9.3280000000e+00    -1.33511e+00
  +9.3360000000e+00    -5.36071e-01
  +9.3440000000e+00    -1.00475e+00
  +9.3520000000e+00    -1.50850e+00
  +9.3600000000e+00    -8.92564e-01
  +9.3680000000e+00    -4.16858e-01
  +9.3760000000e+00    -2.93774e-01
  +9.3840000000e+00    -9.10327e-01
  +9.3920000000e+00    -9.33703e-01
  +9.4000000000e+00    -1.36036e-01
  +9.4080000000e+00    -5.40662e-01
  +9.4160000000e+00    -3.83138e-01
  +9.4240000000e+00    -6.57556e-01
  +9.4320000000e+00    -6.36018e-01
  +9.4400000000e+00    +3.75294e-01
  +9.4480000000e+00    +5.67120e-01
  +9.4560000000e+00    -6.19391e-02
  +9.4640000000e+00    +5.77901e-01
  +9.4720000000e+00    +8.39918e-01
  +9.4800000000e+00    +8.31387e-01
  +9.4880000000e+00    +8.98259e-01
  +9.4960000000e+00    +8.11783e-01
  +9.5040000000e+00    +3.02620e-01
  +9.5120000000e+00    +4.83687e-01
  +9.5200000000e+00    +7.84638e-01
  +9.5280000000e+00    +4.06322e-01
  +9.5360000000e+00    +8.05282e-01
  +9.5440000000e+00    +1.74507e+00
  +9.5520000000e+00    +1.04569e+00
  +9.5600000000e+00    +1.44333e+00
  +9.5680000000e+00    +1.57557e+00
  +9.5760000000e+00    +1.97511e+00
  +9.5840000000e+00    +1.45722e+00
  +9.5920000000e+00    +1.88280e+00
  +9.6000000000e+00    +1.36049e+00
  +9.6080000000e+00    +1.25483e+00
  +9.6160000000e+00    +2.00075e+00
  +9.6240000000e+00    +2.12671e+00
  +9.6320000000e+00    +1.71293e+00
  +9.6400000000e+00    +2.08506e+00
  +9.6480000000e+00    +1.80680e+00
  +9.6560000000e+00    +2.42979e+00
  +9.6640000000e+00    +1.92140e+00
  +9.6720000000e+00    +2.34297e+00
  +9.6800000000e+00    +2.27737e+00
  +9.6880000000e+00    +2.68314e+00
  +9.6960000000e+00    +1.76813e+00
  +9.7040000000e+00    +2.24105e+00
  +9.7120000000e+00    +1.61431e+00
  +9.7200000000e+00    +2.14937e+00
  +9.7280000000e+00    +2.48842e+00
  +9.7360000000e+00    +1.49606e+00
  +9.7440000000e+00    +1.80396e+00
  +9.7520000000e+00    +2.22453e+00
  +9.7600000000e+00    +2.36161e+00
  +9.7680000000e+00    +1.87361e+00
  +9.7760000000e+00    +2.41093e+00
  +9.7840000000e+00    +1.67372e+00
  +9.7920000000e+00    +1.41553e+00
  +9.8000000000e+00    +1.60248e+00
  +9.8080000000e+00    +1.15521e+00
  +9.8160000000e+00    +1.07580e+00
  +9.8240000000e+00    +1.14596e+00
  +9.8320000000e+00    +1.64729e+00
  +9.8400000000e+00    +1.37411e+00
  +9.8480000000e+00    +1.72847e+00
  +9.8560000000e+00    +1.39243e+00
  +9.8640000000e+00    +1.08063e+00
  +9.8720000000e+00    +8.51575e-01
  +9.8800000000e+00    +5.55466e-01
  +9.8880000000e+00    +1.01286e+00
  +9.8960000000e+00    +1.16515e-01
  +9.9040000000e+00    +5.03676e-02
  +9.9120000000e+00    +7.12403e-01
  +9.9200000000e+00    +1.72063e-01
  +9.9280000000e+00    +3.55836e-01
  +9.9360000000e+00    -8.07405e-02
  +9.9440000000e+00    +3.48764e-01
  +9.9520000000e+00    -1.59688e-01
  +9.9600000000e+00    +1.97927e-01
  +9.9680000000e+00    +4.36478e-01
  +9.9760000000e+00    -7.24644e-01
  +9.9840000000e+00    -3.28035e-01
  +9.9920000000e+00    -8.52620e-01
  +1.0000000000e+01    -1.42594e-01
  +1.0008000000e+01    +2.53373e-02
  +1.0016000000e+01    -1.03199e+00
  +1.0024000000e+01    -5.61518e-01
  +1.0032000000e+01    -5.64658e-01
  +1.0040000000e+01    -4.49197e-01
  +1.0048000000e+01    -9.41425e-01
  +1.0056000000e+01    -6.05934e-01
  +1.0064000000e+01    -1.11098e+00
  +1.0072000000e+01    -5.78129e-01
  +1.0080000000e+01    -5.44280e-01
  +1.0088000000e+01    -8.36119e-01
  +1.0096000000e+01    -1.20066e+00
  +1.0104000000e+01    -8.80173e-01
  +1.0112000000e+01    -6.60680e-01
  +1.0120000000e+01    -9.74191e-01
  +1.0128000000e+01    -3.41538e-01
  +1.0136000000e+01    -1.16426e+00
  +1.0144000000e+01    -9.79928e-01
  +1.0152000000e+01    -1.17405e-01
  +1.0160000000e+01    -4.28649e-01
  +1.0168000000e+01    -2.52981e-01
  +1.0176000000e+01    -1.51637e-01
  +1.0184000000e+01    -1.00954e+00
  +1.0192000000e+01    -5.18396e-01
  +1.0200000000e+01    -6.83428e-02
  +1.0208000000e+01    -7.00944e-01
  +1.0216000000e+01    -4.96010e-02
  +1.0224000000e+01    -4.53572e-01
  +1.0232000000e+01    +3.41676e-01
  +1.0240000000e+01    +4.15560e-01
  +1.0248000000e+01    +2.12201e-02
  +1.0256000000e+01    +3.50067e-02
  +1.0264000000e+01    +8.08919e-01
  +1.0272000000e+01    -2.58402e-01
  +1.0280000000e+01    +2.79119e-01
  +1.0288000000e+01    +4.77485e-01
  +1.0296000000e+01    +7.17828e-01
  +1.0304000000e+01    +1.49198e-01
  +1.0312000000e+01    +3.00623e-01
  +1.0320000000e+01    +1.01449e+00
  +1.0328000000e+01    +5.83141e-01
  +1.0336000000e+01    +5.17014e-01
  +1.0344000000e+01    +5.22342e-01
  +1.0352000000e+01    +7.51086e-01
  +1.0360000000e+01    +1.22762e+00
  +1.0368000000e+01    +1.72787e+00
  +1.0376000000e+01    +1.66249e+00
  +1.0384000000e+01    +9.72879e-01
  +1.0392000000e+01    +9.39582e-01
  +1.0400000000e+01    +1.73345e+00
  +1.0408000000e+01    +1.55770e+00
  +1.0416000000e+01    +1.62115e+00
  +1.0424000000e+01    +1.45667e+00
  +1.0432000000e+01    +1.50273e+00
  +1.0440000000e+01    +2.24582e+00
  +1.0448000000e+01    +1.72545e+00
  +1.0456000000e+01    +2.10419e+00
  +1.0464000000e+01    +1.44816e+00
  +1.0472000000e+01    +1.34490e+00
  +1.0480000000e+01    +1.50585e+00
  +1.0488000000e+01    +1.93391e+00
  +1.0496000000e+01    +2.05853e+00
  +1.0504000000e+01    +2.38839e+00
  +1.0512000000e+01    +1.30237e+00
  +1.0520000000e+01    +1.43528e+00
  +1.0528000000e+01    +1.74293e+00
  +1.0536000000e+01    +1.58701e+00
  +1.0544000000e+01    +1.27938e+00
  +1.0552000000e+01    +2.11373e+00
  +1.0560000000e+01    +1.57559e+00
  +1.0568000000e+01    +1.83952e+00
  +1.0576000000e+01    +1.69858e+00
  +1.0584000000e+01    +9.79915e-01
  +1.0592000000e+01    +1.70375e+00
  +1.0600000000e+01    +1.23846e+00
  +1.0608000000e+01    +1.12756e+00
  +1.0616000000e+01    +1.29695e+00
  +1.0624000000e+01    +1.42355e+00
  +1.0632000000e+01    +1.57431e+00
  +1.0640000000e+01    +1.21745e+00
  +1.0648000000e+01    +4.99054e-01
  +1.0656000000e+01    +1.35570e+00
  +1.0664000000e+01    +6.63756e-01
  +1.0672000000e+01    +1.23010e+00
  +1.0680000000e+01    +1.00857e+00
  +1.0688000000e+01    +8.11714e-01
  +1.0696000000e+01    +4.87465e-01
  +1.0704000000e+01    +2.85473e-02
  +1.0712000000e+01    +1.06049e+00
  +1.0720000000e+01    +5.81158e-01
  +1.0728000000e+01    +6.39754e-03
  +1.0736000000e+01    -2.28390e-01
  +1.0744000000e+01    -1.22016e-01
  +1.0752000000e+01    +5.91078e-01
  +1.0760000000e+01    -3.02775e-01
  +1.0768000000e+01    -4.32713e-02
  +1.0776000000e+01    +4.19584e-01
  +1.0784000000e+01    -5.09924e-01
  +1.0792000000e+01    -2.63694e-01
  +1.0800000000e+01    -9.73071e-02
  +1.0808000000e+01    -1.86254e-01
  +1.0816000000e+01    -1.32954e-01
  +1.0824000000e+01    -6.61493e-01
  +1.0832000000e+01    -5.10429e-01
  +1.0840000000e+01    -8.77109e-02
  +1.0848000000e+01    +4.41711e-02
  +1.0856000000e+01    -5.38391e-01
  +1.0864000000e+01    -7.47562e-01
  +1.0872000000e+01    -6.05983e-01
  +1.0880000000e+01    -7.75809e-01
  +1.0888000000e+01    -8.19880e-01
  +1.0896000000e+01    -9.84522e-01
  +1.0904000000e+01    -9.48882e-01
  +1.0912000000e+01    -5.48757e-01
  +1.0920000000e+01    -1.02250e+00
  +1.0928000000e+01    +4.35953e-03
  +1.0936000000e+01    -9.13453e-01
  +1.0944000000e+01    -8.67510e-01
  +1.0952000000e+01    -1.77238e-01
  +1.0960000000e+01    -1.98386e-01
  +1.0968000000e+01    -5.37801e-01
  +1.0976000000e+01    -8.15988e-01
  +1.0984000000e+01    -8.69116e-01
  +1.0992000000e+01    -3.85884e-01
  +1.1000000000e+01    +1.58634e-01
  +1.1008000000e+01    -2.00754e-01
  +1.1016000000e+01    -5.62338e-01
  +1.1024000000e+01    +3.42969e-01
  +1.1032000000e+01    +2.41917e-01
  +1.1040000000e+01    +5.00397e-02
  +1.1048000000e+01    +2.02484e-01
  +1.1056000000e+01    +2.75720e-01
  +1.1064000000e+01    +4.52393e-01
  +1.1072000000e+01    +5.57537e-01
  +1.1080000000e+01    +7.25214e-02
  +1.1088000000e+01    +8.74303e-01
  +1.1096000000e+01    +2.07747e-01
  +1.1104000000e+01    +5.50151e-01
  +1.1112000000e+01    +4.00743e-01
  +1.1120000000e+01    +5.13434e-01
  +1.1128000000e+01    +2.59921e-01
  +1.1136000000e+01    +1.43670e+00
  +1.1144000000e+01    +9.94469e-01
  +1.1152000000e+01    +1.00251e+00
  +1.1160000000e+01    +1.14026e+00
  +1.1168000000e+01    +9.64528e-01
  +1.1176000000e+01    +1.01929e+00
  +1.1184000000e+01    +1.85197e+00
  +1.1192000000e+01    +1.29076e+00
  +1.1200000000e+01    +1.65951e+00
  +1.1208000000e+01    +1.62021e+00
  +1.1216000000e+01    +1.81104e+00
  +1.1224000000e+01    +1.22218e+00
  +1.1232000000e+01    +1.26218e+00
  +1.1240000000e+01    +1.81204e+00
  +1.1248000000e+01    +1.20010e+00
  +1.1256000000e+01    +2.00254e+00
  +1.1264000000e+01    +1.21779e+00
  +1.1272000000e+01    +2.17338e+00
  +1.1280000000e+01    +1.90891e+00
  +1.1288000000e+01    +1.20770e+00
  +1.1296000000e+01    +2.07113e+00
  +1.1304000000e+01    +2.16201e+00
  +1.1312000000e+01    +1.71315e+00
  +1.1320000000e+01    +1.50445e+00
  +1.1328000000e+01    +1.54259e+00
  +1.1336000000e+01    +1.83573e+00
  +1.1344000000e+01    +1.28285e+00
  +1.1352000000e+01    +9.75941e-01
  +1.1360000000e+01    +2.05166e+00
  +1.1368000000e+01    +2.06904e+00
  +1.1376000000e+01    +1.78080e+00
  +1.1384000000e+01    +1.99305e+00
  +1.1392000000e+01    +1.33797e+00
  +1.1400000000e+01    +8.66777e-01
  +1.1408000000e+01    +1.21774e+00
  +1.1416000000e+01    +1.51338e+00
  +1.1424000000e+01    +1.37032e+00
  +1.1432000000e+01    +1.56429e+00
  +1.1440000000e+01    +1.35506e+00
  +1.1448000000e+01    +1.12613e+00
  +1.1456000000e+01    +6.50076e-01
  +1.1464000000e+01    +6.69182e-01
  +1.1472000000e+01    +1.20579e+00
  +1.1480000000e+01    +5.99449e-01
  +1.1488000000e+01    +1.79731e-01
  +1.1496000000e+01    +1.05943e+00
  +1.1504000000e+01    +4.71812e-01
  +1.1512000000e+01    +9.32015e-02
  +1.1520000000e+01    -1.54122e-01
  +1.1528000000e+01    +5.66849e-01
  +1.1536000000e+01    +1.66912e-01
  +1.1544000000e+01    +1.14113e-01
  +1.1552000000e+01    +1.34862e-01
  +1.1560000000e+01    +1.59672e-01
  +1.1568000000e+01    -1.39904e-01
  +1.1576000000e+01    +1.40532e-02
  +1.1584000000e+01    -6.04588e-01
  +1.1592000000e+01    -4.41826e-01
  +1.1600000000e+01    -3.28672e-01
  +1.1608000000e+01    +1.59261e-01
  +1.1616000000e+01    -7.25878e-02
  +1.1624000000e+01    +3.56300e-02
  +1.1632000000e+01    +1.23600e-01
  +1.1640000000e+01    +1.58820e-01
  +1.1648000000e+01    -7.50247e-01
  +1.1656000000e+01    -1.20745e-01
  +1.1664000000e+01    -2.21396e-02
  +1.1672000000e+01    -9.63651e-02
  +1.1680000000e+01    -2.21383e-01
  +1.1688000000e+01    -9.06405e-01
  +1.1696000000e+01    -7.19033e-01
  +1.1704000000e+01    -5.53364e-01
  +1.1712000000e+01    -1.74100e-01
  +1.1720000000e+01    -6.75902e-01
  +1.1728000000e+01    -8.31067e-01
  +1.1736000000e+01    +2.69974e-01
  +1.1744000000e+01    -6.38573e-01
  +1.1752000000e+01    +3.25027e-01
  +1.1760000000e+01    -1.02260e-01
  +1.1768000000e+01    -4.98328e-01
  +1.1776000000e+01    -1.44613e-01
  +1.1784000000e+01    +1.29381e-01
  +1.1792000000e+01    -3.82824e-01
  +1.1800000000e+01    -5.17672e-01
  +1.1808000000e+01    +4.73325e-02
  +1.1816000000e+01    -2.96701e-01
  +1.1824000000e+01    -1.42058e-01
  +1.1832000000e+01    +7.02194e-01
  +1.1840000000e+01    -4.88728e-02
  +1.1848000000e+01    +7.80941e-01
  +1.1856000000e+01    +2.00919e-01
  +1.1864000000e+01    -2.26246e-01
  +1.1872000000e+01    +1.70727e-01
  +1.1880000000e+01    +5.58426e-02
  +1.1888000000e+01    +1.11331e+00
  +1.1896000000e+01    +5.12267e-01
  +1.1904000000e+01    +6.93028e-01
  +1.1912000000e+01    +4.07421e-01
  +1.1920000000e+01    +1.21003e+00
  +1.1928000000e+01    +3.38002e-01
  +1.1936000000e+01    +1.24087e+00
  +1.1944000000e+01    +8.24415e-01
  +1.1952000000e+01    +1.46020e+00
  +1.1960000000e+01    +1.04602e+00
  +1.1968000000e+01    +1.51208e+00
  +1.1976000000e+01    +9.25077e-01
  +1.1984000000e+01    +1.03604e+00
  +1.1992000000e+01    +1.30883e+00
  +1.2000000000e+01    +1.72905e+00
  +1.2008000000e+01    +8.24886e-01
  +1.2016000000e+01    +7.53698e-01
  +1.2024000000e+01    +1.21020e+00
  +1.2032000000e+01    +1.47450e+00
  +1.2040000000e+01    +1.88861e+00
  +1.2048000000e+01    +1.16131e+00
  +1.2056000000e+01    +1.47904e+00
  +1.2064000000e+01    +1.77900e+00
  +1.2072000000e+01    +1.24717e+00
  +1.2080000000e+01    +9.75541e-01
  +1.2088000000e+01    +1.39558e+00
  +1.2096000000e+01    +9.02321e-01
  +1.2104000000e+01    +1.67577e+00
  +1.2112000000e+01    +9.92640e-01
  +1.2120000000e+01    +1.09117e+00
  +1.2128000000e+01    +1.47292e+00
  +1.2136000000e+01    +1.57543e+00
  +1.2144000000e+01    +1.25624e+00
  +1.2152000000e+01    +1.51256e+00
  +1.2160000000e+01    +1.77254e+00
  +1.2168000000e+01    +1.57271e+00
  +1.2176000000e+01    +1.17496e+00
  +1.2184000000e+01    +1.35643e+00
  +1.2192000000e+01    +9.26624e-01
  +1.2200000000e+01    +1.46408e+00
  +1.2208000000e+01    +9.70801e-01
  +1.2216000000e+01    +6.01436e-01
  +1.2224000000e+01    +8.31241e-01
  +1.2232000000e+01    +7.82295e-01
  +1.2240000000e+01    +3.97835e-01
  +1.2248000000e+01    +5.38750e-01
  +1.2256000000e+01    +1.31872e+00
  +1.2264000000e+01    +1.02122e+00
  +1.2272000000e+01    +1.20025e+00
  +1.2280000000e+01    +4.48867e-01
  +1.2288000000e+01    +1.13693e+00
  +1.2296000000e+01    +2.77617e-01
  +1.2304000000e+01    +1.12632e+00
  +1.2312000000e+01    +4.11438e-01
  +1.2320000000e+01    +1.47463e-01
  +1.2328000000e+01    +7.87756e-01
  +1.2336000000e+01    +1.94297e-01
  +1.2344000000e+01    +3.10196e-01
  +1.2352000000e+01    +5.63885e-01
  +1.2360000000e+01    +6.30521e-01
  +1.2368000000e+01    +5.62528e-02
  +1.2376000000e+01    -3.39942e-01
  +1.2384000000e+01    -1.85908e-01
  +1.2392000000e+01    +4.16552e-01
  +1.2400000000e+01    +5.45900e-01
  +1.2408000000e+01    +7.30080e-02
  +1.2416000000e+01    +4.88005e-01
  +1.2424000000e+01    +4.85154e-02
  +1.2432000000e+01    +4.90207e-01
  +1.2440000000e+01    +1.96308e-01
  +1.2448000000e+01    -5.11426e-01
  +1.2456000000e+01    -1.30885e-01
  +1.2464000000e+01    +3.15297e-03
  +1.2472000000e+01    +2.65805e-01
  +1.2480000000e+01    -6.44808e-02
  +1.2488000000e+01    +4.11182e-01
  +1.2496000000e+01    -6.34273e-01
  +1.2504000000e+01    -4.34889e-01
  +1.2512000000e+01    -2.11066e-01
  +1.2520000000e+01    -6.17575e-01
  +1.2528000000e+01    -4.87267e-01
  +1.2536000000e+01    -5.30361e-01
  +1.2544000000e+01    +7.67990e-02
  +1.2552000000e+01    -3.25325e-01
  +1.2560000000e+01    +2.59946e-01
  +1.2568000000e+01    -1.16747e-02
  +1.2576000000e+01    -3.59100e-01
  +1.2584000000e+01    +2.21544e-01
  +1.2592000000e+01    -5.17793e-01
  +1.2600000000e+01    +1.50389e-01
  +1.2608000000e+01    +6.83510e-01
  +1.2616000000e+01    -2.98560e-02
  +1.2624000000e+01    +2.46834e-01
  +1.2632000000e+01    +7.32184e-01
  +1.2640000000e+01    -3.27891e-02
  +1.2648000000e+01    +6.97564e-01
  +1.2656000000e+01    -3.43693e-02
  +1.2664000000e+01    +8.51742e-01
  +1.2672000000e+01    +1.68299e-01
  +1.2680000000e+01    +9.09134e-01
  +1.2688000000e+01    +8.96850e-01
  +1.2696000000e+01    +2.14164e-01
  +1.2704000000e+01    +1.21035e+00
  +1.2712000000e+01    +3.77523e-01
  +1.2720000000e+01    +1.05015e+00
  +1.2728000000e+01    +1.14621e+00
  +1.2736000000e+01    +8.07739e-01
  +1.2744000000e+01    +1.35196e+00
  +1.2752000000e+01    +4.16299e-01
  +1.2760000000e+01    +4.97578e-01
  +1.2768000000e+01    +1.41237e+00
  +1.2776000000e+01    +4.40800e-01
  +1.2784000000e+01    +1.33390e+00
  +1.2792000000e+01    +1.47073e+00
  +1.2800000000e+01    +6.61423e-01
  +1.2808000000e+01    +1.13483e+00
  +1.2816000000e+01    +9.95583e-01
  +1.2824000000e+01    +1.53645e+00
  +1.2832000000e+01    +9.72041e-01
  +1.2840000000e+01    +1.64337e+00
  +1.2848000000e+01    +8.73644e-01
  +1.2856000000e+01    +1.72023e+00
  +1.2864000000e+01    +1.80806e+00
  +1.2872000000e+01    +9.34386e-01
  +1.2880000000e+01    +7.73665e-01
  +1.2888000000e+01    +1.37565e+00
  +1.2896000000e+01    +7.29777e-01
  +1.2904000000e+01    +1.71112e+00
  +1.2912000000e+01    +1.80346e+00
  +1.2920000000e+01    +1.55075e+00
  +1.2928000000e+01    +9.89077e-01
  +1.2936000000e+01    +1.39047e+00
  +1.2944000000e+01    +1.79036e+00
  +1.2952000000e+01    +1.72152e+00
  +1.2960000000e+01    +1.35822e+00
  +1.2968000000e+01    +1.55484e+00
  +1.2976000000e+01    +1.58781e+00
  +1.2984000000e+01    +1.22402e+00
  +1.2992000000e+01    +5.20426e-01
  +1.3000000000e+01    +7.88965e-01
  +1.3008000000e+01    +9.79862e-01
  +1.3016000000e+01    +9.41603e-01
  +1.3024000000e+01    +1.43585e+00
  +1.3032000000e+01    +4.28497e-01
  +1.3040000000e+01    +7.19965e-01
  +1.3048000000e+01    +4.86041e-01
  +1.3056000000e+01    +5.29235e-01
  +1.3064000000e+01    +1.06910e+00
  +1.3072000000e+01    +4.93032e-01
  +1.3080000000e+01    +3.94024e-01
  +1.3088000000e+01    +2.29801e-01
  +1.3096000000e+01    +2.75008e-01
  +1.3104000000e+01    +9.55243e-01
  +1.3112000000e+01    +3.78482e-01
  +1.3120000000e+01    +6.94834e-01
  +1.3128000000e+01    +9.62475e-01
  +1.3136000000e+01    +3.25019e-01
  +1.3144000000e+01    +4.95804e-01
  +1.3152000000e+01    +8.86818e-01
  +1.3160000000e+01    +1.26008e-01
  +1.3168000000e+01    +4.51386e-01
  +1.3176000000e+01    -8.54126e-04
  +1.3184000000e+01    +6.53065e-01
  +1.3192000000e+01    -8.88875e-02
  +1.3200000000e+01    -1.17392e-01
  +1.3208000000e+01    +5.87154e-01
  +1.3216000000e+01    +6.64684e-02
  +1.3224000000e+01    -3.06568e-01
  +1.3232000000e+01    -5.46037e-01
  +1.3240000000e+01    -3.85816e-01
  +1.3248000000e+01    -2.46852e-01
  +1.3256000000e+01    +5.33782e-01
  +1.3264000000e+01    +3.06201e-01
  +1.3272000000e+01    +1.64823e-01
  +1.3280000000e+01    +3.60967e-01
  +1.3288000000e+01    -1.47027e-01
  +1.3296000000e+01    +1.90774e-01
  +1.3304000000e+01    -7.42964e-02
  +1.3312000000e+01    +3.35978e-01
  +1.3320000000e+01    -1.16730e-01
  +1.3328000000e+01    +3.99418e-01
  +1.3336000000e+01    -6.10107e-01
  +1.3344000000e+01    +5.87022e-01
  +1.3352000000e+01    -2.61316e-01
  +1.3360000000e+01    -5.32884e-01
  +1.3368000000e+01    -3.64951e-01
  +1.3376000000e+01    +4.24120e-02
  +1.3384000000e+01    +5.61426e-01
  +1.3392000000e+01    -1.34095e-01
  +1.3400000000e+01    +4.93106e-01
  +1.3408000000e+01    -2.16697e-01
  +1.3416000000e+01    +4.95632e-01
  +1.3424000000e+01    -6.35954e-02
  +1.3432000000e+01    -2.24037e-01
  +1.3440000000e+01    +7.44831e-01
  +1.3448000000e+01    +5.78410e-01
  +1.3456000000e+01    +9.42039e-01
  +1.3464000000e+01    +1.00918e+00
  +1.3472000000e+01    +5.02155e-01
  +1.3480000000e+01    +9.99178e-01
  +1.3488000000e+01    +5.22072e-01
  +1.3496000000e+01    +1.04993e+00
  +1.3504000000e+01    +5.62824e-02
  +1.3512000000e+01    +2.13089e-01
  +1.3520000000e+01    +9.86577e-01
  +1.3528000000e+01    +6.11463e-01
  +1.3536000000e+01    +6.41517e-01
  +1.3544000000e+01    +9.40244e-01
  +1.3552000000e+01    +2.68691e-01
  +1.3560000000e+01    +7.43832e-01
  +1.3568000000e+01    +3.76741e-01
  +1.3576000000e+01    +1.17308e+00
  +1.3584000000e+01    +1.00448e+00
  +1.3592000000e+01    +5.01179e-01
  +1.3600000000e+01    +9.20138e-01
  +1.3608000000e+01    +9.76654e-01
  +1.3616000000e+01    +1.27248e+00
  +1.3624000000e+01    +7.66152e-01
  +1.3632000000e+01    +6.14998e-01
  +1.3640000000e+01    +1.09948e+00
  +1.3648000000e+01    +1.42638e+00
  +1.3656000000e+01    +1.30195e+00
  +1.3664000000e+01    +1.65890e+00
  +1.3672000000e+01    +8.87111e-01
  +1.3680000000e+01    +8.54533e-01
  +1.3688000000e+01    +8.76518e-01
  +1.3696000000e+01    +1.56705e+00
  +1.3704000000e+01    +1.43599e+00
  +1.3712000000e+01    +1.64491e+00
  +1.3720000000e+01    +1.43601e+00
  +1.3728000000e+01    +1.37060e+00
  +1.3736000000e+01    +1.09442e+00
  +1.3744000000e+01    +1.22743e+00
  +1.3752000000e+01    +1.72884e+00
  +1.3760000000e+01    +1.67306e+00
  +1.3768000000e+01    +9.05444e-01
  +1.3776000000e+01    +6.72420e-01
  +1.3784000000e+01    +9.55206e-01
  +1.3792000000e+01    +1.10001e+00
  +1.3800000000e+01    +4.46201e-01
  +1.3808000000e+01    +1.41948e+00
  +1.3816000000e+01    +1.42098e+00
  +1.3824000000e+01    +9.20971e-01
  +1.3832000000e+01    +5.40357e-01
  +1.3840000000e+01    +1.12398e+00
  +1.3848000000e+01    +1.06220e+00
  +1.3856000000e+01    +7.43946e-01
  +1.3864000000e+01    +3.64184e-01
  +1.3872000000e+01    +1.07099e+00
  +1.3880000000e+01    +1.15739e+00
  +1.3888000000e+01    +2.18459e-01
  +1.3896000000e+01    +1.13651e+00
  +1.3904000000e+01    -1.61941e-02
  +1.3912000000e+01    +4.68584e-01
  +1.3920000000e+01    -7.89591e-02
  +1.3928000000e+01    +1.57955e-01
  +1.3936000000e+01    +6.89829e-01
  +1.3944000000e+01    +6.35358e-01
  +1.3952000000e+01    +8.83152e-02
  +1.3960000000e+01    +1.33644e-01
  +1.3968000000e+01    -1.72319e-01
  +1.3976000000e+01    -2.59364e-01
  +1.3984000000e+01    +5.68139e-01
  +1.3992000000e+01    +2.09418e-02
  +1.4000000000e+01    +2.34720e-01
  +1.4008000000e+01    +7.23121e-01
  +1.4016000000e+01    +3.64729e-01
  +1.4024000000e+01    +1.10366e-01
  +1.4032000000e+01    +3.06586e-01
  +1.4040000000e+01    +3.11633e-01
  +1.4048000000e+01    -2.26062e-01
  +1.4056000000e+01    +4.52109e-01
  +1.4064000000e+01    +7.94447e-02
  +1.4072000000e+01    -1.18872e-02
  +1.4080000000e+01    +3.14273e-01
  +1.4088000000e+01    +1.26290e-01
  +1.4096000000e+01    -2.35362e-01
  +1.4104000000e+01    -4.49929e-01
  +1.4112000000e+01    +1.69329e-01
  +1.4120000000e+01    +2.77738e-01
  +1.4128000000e+01    +1.82501e-01
  +1.4136000000e+01    +1.26785e-01
  +1.4144000000e+01    +6.25652e-02
  +1.4152000000e+01    -1.02521e-01
  +1.4160000000e+01    +4.03672e-02
  +1.4168000000e+01    +4.59789e-01
  +1.4176000000e+01    +7.55493e-01
  +1.4184000000e+01    -1.02283e-01
  +1.4192000000e+01    +5.58038e-01
  +1.4200000000e+01    -2.12324e-01
  +1.4208000000e+01    -3.06576e-01
  +1.4216000000e+01    +2.23916e-01
  +1.4224000000e+01    +3.76302e-01
  +1.4232000000e+01    +7.58644e-03
  +1.4240000000e+01    -6.03513e-02
  +1.4248000000e+01    +6.06864e-01
  +1.4256000000e+01    +2.45445e-01
  +1.4264000000e+01    +4.72657e-01
  +1.4272000000e+01    +7.20291e-01
  +1.4280000000e+01    +6.34764e-01
  +1.4288000000e+01    +5.59936e-01
  +1.4296000000e+01    +9.12302e-01
  +1.4304000000e+01    +8.33953e-01
  +1.4312000000e+01    +4.32276e-01
  +1.4320000000e+01    +1.07386e+00
  +1.4328000000e+01    +9.04889e-01
  +1.4336000000e+01    +8.48808e-01
  +1.4344000000e+01    +1.98388e-01
  +1.4352000000e+01    +1.20219e+00
  +1.4360000000e+01    +3.70919e-01
  +1.4368000000e+01    +1.26419e+00
  +1.4376000000e+01    +6.91588e-01
  +1.4384000000e+01    +8.27152e-01
  +1.4392000000e+01    +1.28964e+00
  +1.4400000000e+01    +5.23019e-01
  +1.4408000000e+01    +1.11050e+00
  +1.4416000000e+01    +1.51319e+00
  +1.4424000000e+01    +1.17807e+00
  +1.4432000000e+01    +4.87293e-01
  +1.4440000000e+01    +1.28360e+00
  +1.4448000000e+01    +7.65323e-01
  +1.4456000000e+01    +1.29691e+00
  +1.4464000000e+01    +9.12405e-01
  +1.4472000000e+01    +1.13443e+00
  +1.4480000000e+01    +7.55564e-01
  +1.4488000000e+01    +1.57860e+00
  +1.4496000000e+01    +9.40874e-01
  +1.4504000000e+01    +5.86384e-01
  +1.4512000000e+01    +5.26372e-01
  +1.4520000000e+01    +1.23528e+00
  +1.4528000000e+01    +1.60232e+00
  +1.4536000000e+01    +8.52466e-01
  +1.4544000000e+01    +1.35067e+00
  +1.4552000000e+01    +7.95059e-01
  +1.4560000000e+01    +5.83031e-01
  +1.4568000000e+01    +1.03427e+00
  +1.4576000000e+01    +8.64272e-01
  +1.4584000000e+01    +1.55245e+00
  +1.4592000000e+01    +7.13706e-01
  +1.4600000000e+01    +1.04650e+00
  +1.4608000000e+01    +1.00344e+00
  +1.4616000000e+01    +1.02965e+00
  +1.4624000000e+01    +9.41388e-01
  +1.4632000000e+01    +5.80326e-01
  +1.4640000000e+01    +3.99001e-01
  +1.4648000000e+01    +1.06580e+00
  +1.4656000000e+01    +2.03445e-01
  +1.4664000000e+01    +1.08938e+00
  +1.4672000000e+01    +5.94884e-01
  +1.4680000000e+01    +1.07410e+00
  +1.4688000000e+01    +1.20472e+00
  +1.4696000000e+01    +5.19748e-01
  +1.4704000000e+01    +5.51811e-02
  +1.4712000000e+01    +9.00143e-01
  +1.4720000000e+01    +6.78255e-01
  +1.4728000000e+01    +5.09949e-01
  +1.4736000000e+01    +5.53473e-01
  +1.4744000000e+01    +2.16339e-01
  +1.4752000000e+01    +7.15349e-01
  +1.4760000000e+01    +1.94873e-01
  +1.4768000000e+01    +8.23713e-01
  +1.4776000000e+01    +1.43167e-01
  +1.4784000000e+01    +6.71820e-01
  +1.4792000000e+01    +6.59169e-01
  +1.4800000000e+01    -2.61007e-01
  +1.4808000000e+01    +1.37813e-01
  +1.4816000000e+01    +7.96064e-01
  +1.4824000000e+01    +1.20085e-01
  +1.4832000000e+01    +2.32463e-03
  +1.4840000000e+01    +3.60690e-01
  +1.4848000000e+01    +6.12897e-01
  +1.4856000000e+01    +5.20889e-01
  +1.4864000000e+01    +2.13476e-01
  +1.4872000000e+01    +4.49626e-01
  +1.4880000000e+01    +4.42507e-01
  +1.4888000000e+01    +8.63230e-02
  +1.4896000000e+01    +5.72178e-01
  +1.4904000000e+01    +1.45763e-01
  +1.4912000000e+01    +6.93066e-01
  +1.4920000000e+01    +5.16127e-01
  +1.4928000000e+01    -2.75420e-01
  +1.4936000000e+01    -1.43051e-01
  +1.4944000000e+01    -2.63259e-01
  +1.4952000000e+01    +2.36754e-01
  +1.4960000000e+01    -3.24413e-01
  +1.4968000000e+01    +1.84103e-01
  +1.4976000000e+01    +8.15296e-01
  +1.4984000000e+01    +4.69826e-01
  +1.4992000000e+01    +7.14045e-01
  +1.5000000000e+01    +2.84046e-01
  +1.5008000000e+01    +5.99911e-02
  +1.5016000000e+01    -5.02588e-02
  +1.5024000000e+01    +9.08905e-01
  +1.5032000000e+01    +6.83280e-01
  +1.5040000000e+01    +9.42619e-01
  +1.5048000000e+01    +6.29706e-01
  +1.5056000000e+01    +7.53121e-02
  +1.5064000000e+01    +2.30238e-01
  +1.5072000000e+01    -2.10867e-02
  +1.5080000000e+01    -1.03893e-02
  +1.5088000000e+01    +2.95142e-01
  +1.5096000000e+01    +1.94111e-01
  +1.5104000000e+01    +8.27727e-01
  +1.5112000000e+01    +1.11771e+00
  +1.5120000000e+01    +4.84763e-01
  +1.5128000000e+01    +2.09608e-01
  +1.5136000000e+01    +1.06683e+00
  +1.5144000000e+01    +7.01699e-01
  +1.5152000000e+01    +9.89504e-01
  +1.5160000000e+01    +1.00850e+00
  +1.5168000000e+01    +7.23446e-01
  +1.5176000000e+01    +1.02548e+00
  +1.5184000000e+01    +1.01491e+00
  +1.5192000000e+01    +9.05665e-01
  +1.5200000000e+01    +5.22951e-01
  +1.5208000000e+01    +9.28232e-01
  +1.5216000000e+01    +1.22545e+00
  +1.5224000000e+01    +8.44724e-01
  +1.5232000000e+01    +1.24195e+00
  +1.5240000000e+01    +1.19137e+00
  +1.5248000000e+01    +1.52498e+00
  +1.5256000000e+01    +7.55561e-01
  +1.5264000000e+01    +8.06479e-01
  +1.5272000000e+01    +8.64845e-01
  +1.5280000000e+01    +4.35425e-01
  +1.5288000000e+01    +1.16760e+00
  +1.5296000000e+01    +1.08627e+00
  +1.5304000000e+01    +8.45800e-01
  +1.5312000000e+01    +9.10477e-01
  +1.5320000000e+01    +9.56213e-01
  +1.5328000000e+01    +7.71693e-01
  +1.5336000000e+01    +6.58806e-01
  +1.5344000000e+01    +5.18981e-01
  +1.5352000000e+01    +5.29191e-01
  +1.5360000000e+01    +1.49418e+00
  +1.5368000000e+01    +9.39319e-01
  +1.5376000000e+01    +1.22972e+00
  +1.5384000000e+01    +6.87571e-01
  +1.5392000000e+01    +3.07519e-01
  +1.5400000000e+01    +1.02046e+00
  +1.5408000000e+01    +6.96387e-01
  +1.5416000000e+01    +1.02072e+00
  +1.5424000000e+01    +1.23893e+00
  +1.5432000000e+01    +3.22222e-01
  +1.5440000000e+01    +8.83611e-01
  +1.5448000000e+01    +8.53282e-01
  +1.5456000000e+01    +7.64577e-01
  +1.5464000000e+01    +6.53182e-01
  +1.5472000000e+01    +1.24571e+00
  +1.5480000000e+01    +2.84956e-01
  +1.5488000000e+01    +7.11346e-01
  +1.5496000000e+01    +7.68531e-01
  +1.5504000000e+01    +2.42696e-02
  +1.5512000000e+01    +7.34778e-01
  +1.5520000000e+01    +9.50306e-01
  +1.5528000000e+01    +3.86217e-01
  +1.5536000000e+01    +4.20436e-01
  +1.5544000000e+01    -2.59639e-02
  +1.5552000000e+01    +5.47696e-01
  +1.5560000000e+01    +8.76669e-01
  +1.5568000000e+01    +5.40493e-02
  +1.5576000000e+01    -9.85039e-02
  +1.5584000000e+01    -6.73372e-03
  +1.5592000000e+01    +5.47311e-01
  +1.5600000000e+01    +6.08225e-01
  +1.5608000000e+01    +4.75749e-01
  +1.5616000000e+01    +2.62872e-01
  +1.5624000000e+01    +6.60578e-02
  +1.5632000000e+01    +4.44698e-01
  +1.5640000000e+01    +3.39442e-01
  +1.5648000000e+01    +4.52947e-01
  +1.5656000000e+01    -2.02584e-01
  +1.5664000000e+01    +4.48877e-01
  +1.5672000000e+01    +4.51625e-01
  +1.5680000000e+01    +7.48399e-01
  +1.5688000000e+01    +6.24384e-01
  +1.5696000000e+01    -1.57541e-01
  +1.5704000000e+01    +7.68658e-01
  +1.5712000000e+01    -1.28800e-01
  +1.5720000000e+01    -1.03585e-01
  +1.5728000000e+01    -3.50650e-01
  +1.5736000000e+01    +5.85925e-03
  +1.5744000000e+01    -1.53624e-02
  +1.5752000000e+01    +3.66480e-01
  +1.5760000000e+01    +1.49208e-01
  +1.5768000000e+01    -9.15155e-02
  +1.5776000000e+01    +1.69252e-01
  +1.5784000000e+01    -1.04080e-01
  +1.5792000000e+01    +7.23845e-01
  +1.5800000000e+01    -7.48630e-02
  +1.5808000000e+01    +5.78092e-01
  +1.5816000000e+01    +6.78514e-01
  +1.5824000000e+01    -1.86829e-01
  +1.5832000000e+01    -1.27809e-02
  +1.5840000000e+01    -1.26028e-01
  +1.5848000000e+01    +8.30188e-01
  +1.5856000000e+01    -6.93663e-02
  +1.5864000000e+01    +6.98861e-01
  +1.5872000000e+01    +4.67560e-01
  +1.5880000000e+01    +9.07659e-01
  +1.5888000000e+01    +3.95892e-01
  +1.5896000000e+01    +1.54693e-02
  +1.5904000000e+01    +2.68539e-01
  +1.5912000000e+01    +8.80635e-01
  +1.5920000000e+01    +7.08623e-01
  +1.5928000000e+01    +1.11748e+00
  +1.5936000000e+01    +9.85552e-01
  +1.5944000000e+01    +2.39899e-01
  +1.5952000000e+01    +1.30428e+00
  +1.5960000000e+01    +1.04746e+00
  +1.5968000000e+01    +1.93863e-01
  +1.5976000000e+01    +1.00952e+00
  +1.5984000000e+01    +7.92402e-01
  +1.5992000000e+01    +2.71222e-01
  +1.6000000000e+01    +3.83140e-01
